9.239
8.677
8.535
8.426
8.263
8.208
8.124
8.033
8.029
8.011
7.976
7.974
7.938
7.925
7.891
7.854
7.792
7.707
7.588
7.414
7.394
7.389
7.333
7.175
7.171
7.142
7.080
7.011
6.997
6.985
6.961
6.922
6.916
6.913
6.872
6.859
6.782
6.772
6.723
6.700
6.656
6.645
6.629
6.612
6.610
6.578
6.532
6.471
6.431
6.417
6.332
6.315
6.281
6.225
6.201
6.178
6.157
6.017
5.926
5.881
5.827
5.819
5.777
5.760
5.748
5.737
5.726
5.720
5.692
5.659
5.651
5.590
5.572
5.554
5.462
5.439
5.411
5.406
5.312
5.263
5.191
5.101
5.100
5.045
5.013
5.003
4.916
4.840
4.812
4.795
4.737
4.717
4.625
4.597
4.565
4.481
4.413
4.404
4.308
4.298
4.280
4.249
4.211
4.198
4.172
4.152
4.118
4.115
4.042
4.024
3.967
3.917
3.850
3.826
3.821
3.820
3.767
3.752
3.708
3.697
3.626
3.573
3.543
3.525
3.501
3.476
3.338
3.277
3.211
3.132
3.131
3.119
3.042
3.004
2.963
2.958
2.923
2.854
2.853
2.848
2.830
2.815
2.766
2.731
2.724
2.682
2.678
2.613
2.575
2.516
2.500
2.416
2.383
2.362
2.332
2.329
2.325
2.231
2.193
2.144
2.139
2.139
2.089
2.068
2.056
2.030
2.009
1.951
1.888
1.866
1.769
1.753
1.733
1.722
1.706
1.679
1.597
1.573
1.507
1.464
1.439
1.391
1.351
1.320
1.316
1.257
1.179
1.177
1.117
0.966
0.916
0.901
0.900
0.891
0.852
0.693
0.667
0.632
0.609
0.568
0.539
0.494
0.429
0.202
0.064
-0.010
-0.022
-0.026
-0.103
-0.238
-0.243
-0.284
-0.315
-0.411
-0.415
-0.427
-0.466
-0.583
-0.610
-0.618
-0.641
-0.652
-0.705
-0.749
-0.755
-0.764
-0.770
-0.783
-0.795
-0.821
-0.829
-0.832
-0.852
-0.865
-0.868
-0.916
-1.008
-1.017
-1.084
-1.095
-1.099
-1.107
-1.127
-1.155
-1.208
-1.231
-1.237
-1.262
-1.276
-1.282
-1.289
-1.337
-1.399
-1.420
-1.450
-1.523
-1.532
-1.586
-1.624
-1.743
-1.750
-1.755
-1.762
-1.778
-1.789
-1.791
-1.808
-1.896
-1.923
-1.927
-1.967
-1.979
-1.981
-2.006
-2.014
-2.014
-2.053
-2.061
-2.061
-2.081
-2.088
-2.095
-2.151
-2.153
-2.153
-2.184
-2.196
-2.232
-2.236
-2.246
-2.247
-2.298
-2.322
-2.324
-2.325
-2.346
-2.399
-2.434
-2.474
-2.509
-2.563
-2.598
-2.602
-2.624
-2.630
-2.631
-2.679
-2.758
-2.772
-2.798
-2.819
-2.873
-2.936
-2.959
-2.985
-2.992
-3.072
-3.133
-3.158
-3.186
-3.186
-3.207
-3.248
-3.249
-3.255
-3.324
-3.385
-3.400
-3.443
-3.463
-3.475
-3.540
-3.557
-3.560
-3.616
-3.641
-3.644
-3.681
-3.681
-3.726
-3.767
-3.778
-3.802
-3.868
-3.869
-3.877
-3.926
-3.926
-3.955
-3.973
-3.979
-4.020
-4.106
-4.127
-4.129
-4.181
-4.248
-4.278
-4.284
-4.299
-4.310
-4.392
-4.420
-4.426
-4.437
-4.490
-4.508
-4.577
-4.579
-4.650
-4.651
-4.673
-4.691
-4.696
-4.700
-4.718
-4.732
-4.759
-4.773
-4.839
-4.915
-4.948
-4.951
-4.954
-5.065
-5.129
-5.212
-5.254
-5.274
-5.347
-5.485
-5.500
-5.585
-5.589
-5.626
-5.714
-5.767
-5.820
-5.886
-5.905
-6.007
-6.079
-6.084
-6.239
-6.256
-6.344
-6.367
-6.378
-6.422
-6.471
-6.517
-6.662
-6.712
-6.767
-6.884
-7.142
-7.175
-7.233
-7.238
-7.245
-7.341
-7.347
-7.434
-7.499
-7.527
-7.536
-7.538
-7.569
-7.674
-7.687
-7.764
-7.764
-7.782
-7.837
-7.859
-7.881
-7.895
-7.952
-7.967
-7.972
-8.008
-8.023
-8.049
-8.085
-8.119
-8.138
-8.155
-8.157
-8.189
-8.197
-8.255
-8.257
-8.283
-8.293
-8.323
-8.332
-8.433
-8.460
-8.464
-8.488
-8.505
-8.547
-8.550
-8.562
-8.589
-8.618
-8.628
-8.707
-8.733
-8.740
-8.760
-8.778
-8.819
-8.885
-8.896
-8.978
-8.983
-9.004
-9.116
-9.141
-9.151
-9.166
-9.210
-9.241
-9.261
-9.278
-9.323
-9.328
-9.371
-9.408
-9.413
-9.510
-9.586
-9.597
-9.713
-9.833
-9.865
-9.925
-10.169
-10.791
